34222
98280
25417
16576
39248
11042
21892
11603
36876
19543
32458
16018
27240
13252
12730
40240
51666
14054
11063
36478
13635
67613
49633
48130
54651
49210
35518
99840
17962
27814
23647
10153
15498
15374
81331
47796
65152
15715
79661
31513
87146
54135
12658
24928
23891
23084
29830
70832
37864
23968
20908
10004
12759
20699
27595
19881
46860
50009
99358
16174
74107
38826
15052
67670
16694
13568
22053
22633
13656
77720
26751
40802
13828
13309
39683
61591
97624
96591